datec,date,close,high,low,open,volume,VolumePositive,Doji,IsDoji,SMA_20,SMA_40,SMA_200,Upper Bollinger Band,Lower Bollinger Band,macd,macdsignal,macdhist,Gain,Loss,AVG_Gain,AVG_Loss,RS,RSI,RSI_ta,FI_1,FI_13
2022-05-17,19128.770833333332,875.25,918.95,860.0,872.0,48792877,True,0,False,,,,,,,,,,,,,,,,,
2022-05-18,19129.770833333332,876.35,891.0,874.1,885.55,8919761,False,0,False,,,,,,,,,1.1000000000000227,0.0,,,,,,9811737.100000203,
2022-05-19,19130.770833333332,840.85,867.0,838.0,867.0,7372427,False,0,False,,,,,,,,,0.0,35.5,,,,,,-261721158.5,
2022-05-20,19131.770833333332,826.15,856.8,825.0,848.55,7078291,False,0,False,,,,,,,,,0.0,14.700000000000045,,,,,,-104050877.70000032,
2022-05-23,19134.770833333332,816.85,852.7,803.65,826.15,12444648,False,0,False,,,,,,,,,0.0,9.299999999999955,,,,,,-115735226.39999944,
2022-05-24,19135.770833333332,823.1,834.7,816.85,818.0,4287864,True,0,False,,,,,,,,,6.25,0.0,,,,,,26799150.0,
2022-05-25,19136.770833333332,820.3,841.45,814.25,831.5,4013031,False,0,False,,,,,,,,,0.0,2.800000000000068,,,,,,-11236486.800000275,
2022-05-26,19137.770833333332,811.65,824.8,801.0,820.3,2796468,False,0,False,,,,,,,,,0.0,8.649999999999977,,,,,,-24189448.199999936,
2022-05-27,19138.770833333332,821.6,824.65,814.35,818.55,2215807,True,0,False,,,,,,,,,9.950000000000045,0.0,,,,,,22047279.6500001,
2022-05-30,19141.770833333332,837.75,841.4,825.3,829.9,3133717,True,0,False,,,,,,,,,16.149999999999977,0.0,,,,,,50609529.54999993,
2022-05-31,19142.770833333332,811.3,822.0,810.0,810.0,4373090,True,100,True,,,,,,,,,0.0,26.450000000000045,,,,,,-115668230.5000002,
2022-06-01,19143.770833333332,810.4,817.45,808.5,811.4,1670031,False,100,True,,,,,,,,,0.0,0.8999999999999773,,,,,,-1503027.899999962,
2022-06-02,19144.770833333332,805.7,813.8,804.0,809.95,1565763,False,0,False,,,,,,,,,0.0,4.699999999999932,,,,,,-7359086.099999893,
2022-06-03,19145.770833333332,800.25,810.75,800.0,808.65,2052785,False,0,False,,,,,,,,,0.0,5.4500000000000455,,,,,,-11187678.250000093,-25952640.237591133
2022-06-06,19148.770833333332,777.35,801.7,775.1,800.25,3033514,False,0,False,,,,,,,,,0.0,22.899999999999977,2.3892857142857173,9.382142857142858,0.2546631138180437,20.297330097087396,20.297330097087396,-69467470.59999993,-32981141.090578057
2022-06-07,19149.770833333332,753.0,772.9,751.8,772.9,3774512,False,0,False,,,,,,,,,0.0,24.350000000000023,2.3107142857142873,11.121428571428575,0.20777135517019918,17.202871576708333,17.51097330165507,-91909367.20000009,-42324831.63370688
2022-06-08,19150.770833333332,738.05,752.9,736.1,752.9,4103499,False,0,False,,,,,,,,,0.0,14.950000000000045,2.3107142857142873,9.653571428571436,0.2393636699963004,19.31343283582089,16.053826558865886,-61347310.05000018,-45294413.34195788
2022-06-09,19151.770833333332,721.7,736.0,720.1,729.9,3729113,False,0,False,,,,,,,,,0.0,16.34999999999991,2.3107142857142873,9.771428571428569,0.23647660818713473,19.12503694945316,14.620886699625013,-60970997.54999966,-47709663.8049568
2022-06-10,19152.770833333332,709.7,719.75,708.05,713.0,3464178,False,0,False,,,,,,,,,0.0,12.0,2.3107142857142873,9.964285714285714,0.2318996415770611,18.824556299098063,13.657358812876726,-41570136.0,-46774248.99483523
2022-06-13,19155.770833333332,668.25,690.9,667.0,690.9,7781730,False,0,False,797.2774999999999,,,905.297407887389,689.2575921126108,,,,0.0,41.450000000000045,1.8642857142857159,12.925000000000002,0.14423873998342093,12.605650808983341,10.968510989049243,-322552708.50000036,-88396188.67362116
2022-06-14,19156.770833333332,674.3,684.0,663.0,664.1,5348769,True,0,False,787.23,,,901.8911823453873,672.5688176546128,,,,6.0499999999999545,0.0,2.29642857142857,12.724999999999998,0.1804658995228739,15.287684260580107,13.641040016597291,32360052.449999757,-70316886.03678012
2022-06-15,19157.770833333332,690.15,709.7,679.1,681.0,9204318,True,0,False,777.92,,,892.3501828052466,663.4898171947533,,,,15.850000000000023,0.0,3.4285714285714284,12.107142857142858,0.2831858407079646,22.06896551724138,20.383815945658025,145888440.30000022,-38167749.96794366
2022-06-16,19158.770833333332,669.35,706.0,667.0,703.45,4049782,False,0,False,769.345,,,889.4803749558787,649.2096250441214,,,,0.0,20.799999999999955,2.7178571428571394,13.59285714285714,0.1999474513925379,16.663017298007432,18.358103106360126,-84235465.59999982,-44978119.05814729
2022-06-17,19159.770833333332,654.55,669.35,651.0,669.1,4043000,False,0,False,760.765,,,888.1129861597641,633.4170138402359,,,,0.0,14.800000000000068,1.5642857142857127,14.650000000000002,0.10677718186250597,9.647577092511014,17.059040572776865,-59836400.000000276,-47163798.811331235
2022-06-20,19162.770833333332,661.4,666.7,650.0,660.45,3522551,True,100,True,752.9925,,,884.823980446979,621.1610195530209,,,,6.850000000000023,0.0,2.0535714285714284,12.760714285714284,0.1609291911558914,13.862102217936354,19.88477189560846,24129474.35000008,-36720757.615167275
2022-06-21,19163.770833333332,665.2,671.4,663.0,667.0,2355354,False,100,True,745.0975000000001,,,878.1575595496957,612.0374404503044,,,,3.800000000000068,0.0,2.325000000000005,12.696428571428571,0.18312236286919872,15.477888730385189,21.48287180219964,8950345.200000161,-30055002.16298103
2022-06-22,19164.770833333332,668.6,684.9,664.1,666.0,3472810,True,0,False,737.5125,,,869.8155487574888,605.2094512425112,,,,3.3999999999999773,0.0,2.567857142857146,12.360714285714291,0.20774342675527321,17.20095693779905,22.963564839145498,11807553.999999922,-23963955.403345097
2022-06-23,19165.770833333332,665.15,674.7,658.6,670.2,1798979,False,0,False,730.1875,,,861.4255796591895,598.9494203408105,,,,0.0,3.4500000000000455,2.567857142857146,12.217857142857147,0.210172464191757,17.36714975845412,22.499897998651228,-6206477.550000082,-21387036.544584103
2022-06-24,19166.770833333332,661.65,673.55,659.1,669.3,1743400,False,0,False,722.1899999999999,,,849.4057330554766,594.9742669445233,,,,0.0,3.5,2.567857142857146,10.832142857142864,0.23705901747444788,19.163113006396586,22.01426897898189,-6101900.0,-19173899.645291287
2022-06-27,19169.770833333332,664.8,670.0,661.7,670.0,1405766,False,0,False,713.5425,,,830.8070828660003,596.2779171339997,,,,3.1499999999999773,0.0,2.7928571428571445,9.092857142857147,0.3071484681853889,23.49759615384616,23.612262165921766,4428162.899999968,-15763146.892962184
2022-06-28,19170.770833333332,663.35,664.8,659.0,663.25,1004747,True,100,True,706.145,,,815.8675827161162,596.4224172838838,,,,0.0,1.4499999999999318,2.7928571428571445,8.128571428571425,0.34358523725834833,25.572269457161568,23.37482414704323,-1456883.1499999315,-13699150.514190568
2022-06-29,19171.770833333332,678.5,696.85,657.8,660.1,4653282,True,0,False,699.55,,,798.1835322505017,600.9164677494982,,,,15.149999999999977,0.0,3.875,6.960714285714289,0.5566957414058489,35.76137112722478,31.163453729188895,70497222.2999999,-1569118.0825507496
2022-06-30,19172.770833333332,673.9,683.7,671.0,678.5,1681412,False,0,False,692.96,,,778.4705570583031,607.4494429416969,,,,0.0,4.600000000000023,3.875,6.432142857142862,0.6024430871737918,37.59528759528757,30.160998104108987,-7734495.200000038,-2456279.250301508
2022-07-01,19173.770833333332,676.65,679.95,669.0,675.0,1330472,True,0,False,686.78,,,755.9453807532142,617.6146192467858,-44.658023597464535,-57.6373712557618,12.979347658297264,2.75,0.0,4.071428571428571,3.471428571428573,1.172839506172839,53.97727272727271,31.57801423458999,3658798.0,-1577267.400558087
2022-07-04,19176.770833333332,692.3,694.0,678.0,678.0,1832039,True,0,False,682.5274999999999,,,737.1827012741335,627.8722987258664,-40.21329781866598,-54.15255656834263,13.939258749676654,15.649999999999977,0.0,4.757142857142859,3.471428571428573,1.3703703703703702,57.8125,39.14525494294637,28671410.349999957,2766972.0169194164
2022-07-05,19177.770833333332,702.65,712.9,697.0,698.0,3662593,True,0,False,680.01,,,724.7335790866076,635.2864209133924,-35.44705058093302,-50.41145537086071,14.964404789927684,10.350000000000023,0.0,4.364285714285716,3.471428571428573,1.2572016460905349,55.69735642661805,43.5886891826084,37907837.55000009,7809980.725856019
2022-07-06,19178.770833333332,702.95,713.6,701.5,707.0,1253320,False,0,False,678.255,,,715.5220151884062,640.9879848115938,-31.28492467580395,-46.586149231849355,15.301224556045405,0.3000000000000682,0.0,4.385714285714292,1.9857142857142907,2.2086330935251777,68.83408071748877,43.716971664894324,375996.0000000855,6743835.929557555
2022-07-07,19179.770833333332,698.05,714.7,696.0,708.0,1843219,False,0,False,677.0725,,,709.7539042570203,644.3910957429797,-28.05835965411245,-42.880591316301974,14.822231662189523,0.0,4.900000000000091,4.385714285714292,1.2785714285714351,3.4301675977653505,77.42749054224458,42.035547142965775,-9031773.100000167,4482638.609555602
2022-07-08,19180.770833333332,708.1,710.8,701.25,701.25,2152750,True,0,False,676.9925000000001,,,709.3437836319031,644.641216368097,-24.40896130772603,-39.186265314586784,14.777304006860753,10.050000000000068,0.0,4.614285714285724,1.2785714285714351,3.6089385474860225,78.30303030303025,46.57425817262457,21635137.500000145,6940018.134029928
2022-07-11,19183.770833333332,718.2,721.9,704.35,707.95,1638255,True,0,False,679.49,738.38375,,716.3917272452724,642.5882727547277,-20.46588327215011,-35.442188906099446,14.976305633949337,10.100000000000023,0.0,5.064285714285721,1.2785714285714351,3.9608938547485883,79.84234234234228,50.748080416985374,16546375.500000037,8315724.676396732
2022-07-12,19184.770833333332,717.6,724.4,714.35,718.7,1355821,False,100,True,681.655,734.4425,,722.1777538421024,641.1322461578975,-17.191210927785505,-31.79199331043666,14.600782382651154,0.0,0.6000000000000227,4.821428571428579,1.3214285714285796,3.648648648648632,78.48837209302317,50.495701913048016,-813492.6000000308,7008806.82654047
2022-07-13,19185.770833333332,718.85,723.9,715.45,719.9,887093,False,100,True,683.0899999999999,730.505,,726.7876766815889,639.392323318411,-14.329958111798646,-28.299586270709057,13.96962815891041,1.25,0.0,4.910714285714294,1.0750000000000048,4.568106312292346,82.04057279236272,51.0419629003136,1108866.25,6164438.628003047
2022-07-14,19186.770833333332,712.3,721.25,709.0,720.1,874964,False,0,False,685.2375,727.29125,,730.2924708105232,640.1825291894767,-12.447438576631725,-25.12915673189359,12.681718155261866,0.0,6.550000000000068,4.910714285714294,1.2928571428571527,3.7983425414364413,79.15947035118009,48.049932314410924,-5731014.20000006,4462462.867980718
2022-07-15,19187.770833333332,708.5,721.25,705.05,719.45,999239,False,0,False,687.9350000000001,724.35,,731.6954856607355,644.1745143392646,-11.133812860171702,-22.330087957549214,11.196275097377512,0.0,3.7999999999999545,4.685714285714296,1.5642857142857207,2.995433789954332,74.97142857142853,46.35232527757032,-3797108.1999999546,3280961.996288739
2022-07-18,19190.770833333332,696.5,713.65,693.0,710.0,1620545,False,0,False,689.69,721.34125,,731.7521294853503,647.6278705146498,-10.935002821803664,-20.051070930400105,9.11606810859644,0.0,12.0,4.685714285714296,2.317857142857154,2.021571648690287,66.9046404895461,41.380432595476336,-19446540.0,30492.27028990427
2022-07-19,19191.770833333332,688.85,699.0,688.0,697.0,1592940,False,0,False,690.8725000000001,717.985,,731.3350554647395,650.4099445352606,-11.264880964714166,-18.293832937262916,7.02895197254875,0.0,7.649999999999977,3.6035714285714397,2.864285714285724,1.258104738154613,55.71507454445058,38.54217802503392,-12185990.999999965,-1716416.558508583
2022-07-20,19192.770833333332,687.7,696.75,686.75,694.3,1377738,False,0,False,691.8275,714.6700000000001,,730.9562950908718,652.6987049091282,-11.486695681071751,-16.932405486024685,5.4457098049529336,0.0,1.1499999999999773,3.6035714285714397,2.6178571428571495,1.3765347885402464,57.92192881745122,38.11890766756565,-1584398.6999999688,-1697541.1483615907
2022-07-21,19193.770833333332,687.55,693.0,687.05,688.0,799923,False,100,True,692.9475,711.5675,,730.0932084721104,655.8017915278896,-11.541545436838305,-15.854233476187408,4.312688039349103,0.0,0.15000000000009095,3.4071428571428686,2.6285714285714414,1.296195652173911,56.449704142011804,38.06019514843337,-119988.45000007276,-1472015.525018253
2022-07-22,19194.770833333332,688.65,694.3,687.7,689.05,948078,False,100,True,694.2975,708.24375,,728.4998464107404,660.0951535892597,-11.365242021135828,-14.956435185177092,3.5911931640412647,1.1000000000000227,0.0,2.3678571428571575,2.6285714285714414,0.9008152173913055,47.39099356683349,38.80457622441129,1042885.8000000216,-1112523.9982838137
2022-07-25,19197.770833333332,683.95,690.0,682.0,688.0,671602,False,0,False,695.2549999999999,704.3987500000001,,726.9614977567734,663.5485022432264,-11.4725229117264,-14.259652730486954,2.787129818760553,0.0,4.699999999999932,1.6285714285714417,2.9642857142857224,0.5493975903614486,35.45878693623651,36.77117600207848,-3156529.3999999543,-1404677.9559596563
2022-07-26,19198.770833333332,675.35,684.8,675.0,684.0,662692,False,0,False,695.855,701.0,,725.3998437036646,666.3101562963354,-12.111873775730714,-13.830096939535705,1.718223163804991,0.0,8.600000000000023,1.6071428571428652,3.5785714285714385,0.4491017964071866,30.991735537190124,33.32961483074041,-5699151.200000015,-2018449.9802622714
2022-07-27,19199.770833333332,674.35,679.6,672.9,675.0,690747,False,100,True,695.6475,697.59875,,725.7584260638283,665.5365739361717,-12.554534723019174,-13.5749844962324,1.020449773213226,0.0,1.0,1.6071428571428652,3.3000000000000034,0.48701298701298895,32.75109170305686,32.94351101919863,-690747.0,-1828705.0315649325
2022-07-28,19200.770833333332,674.9,679.25,674.0,677.0,741896,False,0,False,695.6975,694.32875,,725.6593261512223,665.7356738487777,-12.714402590860459,-13.402868115158011,0.6884655242975519,0.5499999999999545,0.0,0.9285714285714286,3.3000000000000034,0.2813852813852811,21.95945945945944,33.4004857948256,408042.7999999663,-1509064.0840765708
2022-07-29,19201.770833333332,677.8,683.8,675.0,676.15,1519288,True,0,False,695.755,691.2675,,725.5669527424164,665.9430472575835,-12.463422685711976,-13.214979029268804,0.7515563435568282,2.8999999999999773,0.0,0.41428571428571104,3.3000000000000034,0.12554112554112443,11.153846153846075,35.88164032150575,4405935.199999966,-663824.9651107854
2022-08-01,19204.770833333332,682.9,685.6,678.4,680.0,949173,True,0,False,695.2850000000001,688.90625,,725.6181345665407,664.9518654334595,-11.717915094091722,-12.915566242233387,1.1976511481416647,5.100000000000023,0.0,0.7785714285714269,3.257142857142859,0.2390350877192976,19.29203539823004,40.107472576609716,4840782.300000021,122738.31392397908
2022-08-02,19205.770833333332,685.5,688.95,680.2,682.4,1061968,True,0,False,694.4275,687.21875,,724.8534839610862,664.0015160389138,-10.792883048302883,-12.491029603447286,1.6981465551444028,2.6000000000000227,0.0,0.875,3.257142857142859,0.26864035087719285,21.17545375972341,42.198951173079955,2761116.800000024,499727.9153680681
2022-08-03,19206.770833333332,678.3,688.0,677.0,685.0,951585,False,0,False,693.1949999999999,685.725,,724.1596640713717,662.2303359286282,-10.519505997632905,-12.09672488228441,1.5772188846515043,0.0,7.2000000000000455,0.875,3.3035714285714284,0.2648648648648649,20.940170940170944,38.218782609492955,-6851412.000000043,-550622.1331312261
2022-08-04,19207.770833333332,673.7,683.45,670.7,682.0,1036357,False,0,False,691.9775000000001,684.525,,724.0339875608216,659.9210124391785,-10.552392855397102,-11.787858476906948,1.2354656215098458,0.0,4.599999999999909,0.875,3.3607142857142827,0.2603613177470778,20.6576728499157,35.88972637748652,-4767242.199999906,-1153088.46610168
2022-08-05,19208.770833333332,687.35,694.95,674.1,675.0,3867024,True,0,False,690.94,683.9662500000001,,722.1308826084643,659.7491173915358,-9.36901483392569,-11.304089748310696,1.935074914385007,13.649999999999977,0.0,1.8499999999999983,2.5035714285714255,0.7389443651925822,42.49384741591469,46.33971067564336,52784877.59999991,6553344.37015807
2022-08-08,19211.770833333332,680.0,688.0,678.5,680.35,1215231,False,100,True,689.03,684.26,,717.7748009029044,660.2851990970955,-8.921422197913444,-10.827556238231246,1.9061340403178022,0.0,7.350000000000023,1.8499999999999983,2.482142857142857,0.7453237410071936,42.70403957131078,42.33789871314329,-8931947.850000028,4340911.448522249
2022-08-10,19213.770833333332,682.6,687.95,680.75,682.5,1133206,True,100,True,687.28,684.4675,,712.7796470563857,661.7803529436143,-8.261668170292182,-10.314378624643433,2.052710454351251,2.6000000000000227,0.0,2.0357142857142856,2.4000000000000017,0.848214285714285,45.893719806763265,44.17446638531437,2946335.6000000257,4141667.15922958
2022-08-11,19214.770833333332,682.65,689.8,681.3,685.45,1055646,False,0,False,685.47,684.28,,706.2335916171153,664.7064083828848,-7.646628197992982,-9.780828539313344,2.134200341320362,0.049999999999954525,0.0,2.039285714285711,2.3892857142857093,0.8535127055306432,46.0483870967742,44.21126608852129,52782.299999951996,3557492.579454832
2022-08-12,19215.770833333332,682.4,687.1,681.05,683.25,867471,False,100,True,683.975,684.60625,,700.4720651297424,667.4779348702576,-7.097561231684608,-9.244175077787597,2.146613846102989,0.0,0.25,1.9607142857142807,2.407142857142852,0.8145400593471807,44.88961569910056,44.05489362517627,-216867.75,3018260.1335067125
2022-08-16,19219.770833333332,697.65,706.6,691.3,693.0,4029367,True,0,False,683.4325,685.6837499999999,,696.9845157754914,669.8804842245086,-5.369972454871117,-8.469334553204302,3.0993620983331844,15.25,0.0,3.049999999999995,2.0714285714285716,1.4724137931034458,59.55369595536955,54.602891546885225,61447846.75,11365849.659600217
2022-08-17,19220.770833333332,697.95,704.0,697.0,702.0,1443441,False,0,False,683.505,686.5975000000001,,697.3634156457638,669.6465843542362,-3.9313205932095343,-7.5617317612053485,3.630411167995814,0.3000000000000682,0.0,3.0714285714285716,1.4571428571428555,2.1078431372549042,67.82334384858046,54.783501199401385,433032.3000000985,9803937.500531891
2022-08-18,19221.770833333332,696.25,703.5,695.0,698.9,1010173,False,0,False,683.875,687.37375,,698.6959844122309,669.0540155877691,-2.8949828600763112,-6.628381980979541,3.73339912090323,0.0,1.7000000000000455,3.0714285714285716,1.5071428571428587,2.037914691943126,67.08268330733227,53.484956912617875,-1717294.100000046,8157974.009867362
2022-08-19,19222.770833333332,685.95,698.95,683.1,697.9,1403378,False,0,False,683.7875,687.8075000000001,,698.5338777889677,669.0411222110323,-2.87169850665191,-5.877045286114015,3.005346779462105,0.0,10.299999999999955,3.0321428571428606,2.242857142857141,1.3519108280254803,57.48138117806369,46.320929576222134,-14454793.399999937,4927455.416394821
2022-08-22,19225.770833333332,675.3,684.9,675.0,684.9,1331779,False,0,False,683.175,688.06125,,698.2767078155945,668.0732921844054,-3.6703025202750723,-5.4356967329462265,1.7653942126711542,0.0,10.650000000000091,2.825000000000005,3.0035714285714334,0.9405469678953629,48.46813725490197,40.30887001829972,-14183446.35000012,2197237.310926975
2022-08-23,19226.770833333332,671.1,678.8,670.25,674.5,1053329,False,0,False,682.2974999999999,688.2974999999999,,698.0837190066694,666.5112809933304,-4.589205351230248,-5.266398456603031,0.6771931053727824,0.0,4.199999999999932,2.460714285714289,3.3035714285714284,0.7448648648648659,42.68897149938046,38.20301709149382,-4423981.799999928,1251322.352805163
2022-08-24,19227.770833333332,676.25,683.0,672.0,673.1,1473399,True,0,False,681.9125,688.58375,,697.903282706896,665.921717293104,-4.846018619343454,-5.182322489151115,0.33630386980766147,5.149999999999977,0.0,2.642857142857143,3.3035714285714284,0.8,44.44444444444444,42.19110483026421,7588004.849999966,2156584.458875976
2022-08-25,19228.770833333332,677.85,682.8,677.05,678.5,865146,False,100,True,682.0375,688.9462500000001,,697.8503819904003,666.2246180095998,-4.8643649847387,-5.1187309882686325,0.2543660035299329,1.6000000000000227,0.0,2.757142857142859,2.789285714285711,0.9884763124199761,49.710238248551235,43.412938286615734,1384233.6000000197,2046246.3496742975
2022-08-26,19229.770833333332,678.85,682.4,678.05,680.9,691903,False,0,False,682.2625,688.955,,697.7393035255553,666.7856964744448,-4.743532479168266,-5.043691286448559,0.300158807280293,1.0,0.0,2.82857142857143,2.460714285714289,1.1494920174165448,53.477380148548264,44.20665305112399,691903.0,1852765.3130906832
2022-08-29,19232.770833333332,670.15,674.95,667.2,670.0,1400803,True,100,True,682.025,688.86125,,698.1112968817761,665.9387031182239,-5.288822881024203,-5.092717605363688,-0.19610527566051505,0.0,8.700000000000045,1.8535714285714318,3.0821428571428635,0.601390498261877,37.55426917510853,39.07193949665121,-12186986.100000063,-152943.8060432435
2022-08-30,19233.770833333332,673.5,676.95,672.2,673.5,689256,False,100,True,681.81,688.7825,,698.2452189231798,665.3747810768201,-5.388536752780055,-5.1518814348469615,-0.2366553179330939,3.3500000000000227,0.0,2.092857142857148,2.557142857142862,0.8184357541899446,45.007680491551476,41.871734215464265,2309007.6000000155,198768.098796458
2022-09-01,19235.770833333332,668.7,676.85,668.05,673.0,1019021,False,0,False,681.1,688.1924999999999,,698.533512796372,663.6664872036281,-5.788158313240729,-5.279136810525715,-0.5090215027150133,0.0,4.7999999999999545,1.9071428571428604,2.9000000000000017,0.6576354679802963,39.673105497771196,39.09931381573274,-4891300.799999953,-528392.6839466753
2022-09-02,19236.770833333332,664.65,672.9,664.0,671.0,914138,False,0,False,680.0575,687.2425000000001,,698.8256778550879,661.2893221449121,-6.358367133393813,-5.494982875099335,-0.8633842582944782,0.0,4.050000000000068,1.9035714285714351,3.1892857142857207,0.5968645016797322,37.37727910238432,36.88043954255025,-3702258.9000000623,-981806.4634002339
2022-09-05,19239.770833333332,659.8,669.15,659.15,666.0,1467031,False,0,False,679.1324999999999,686.1637499999999,,699.9743929082798,658.2906070917201,-7.119546498090472,-5.819895599697562,-1.29965089839291,0.0,4.850000000000023,1.9035714285714351,3.517857142857151,0.5411167512690361,35.11198945981556,34.36533770858924,-7115100.350000033,-1857998.4598971673
2022-09-06,19240.770833333332,652.8,663.85,651.0,662.0,1984406,False,0,False,678.0875,685.0325,,701.9527990762781,654.2222009237219,-8.193182222589598,-6.294552924275969,-1.8986292983136295,0.0,7.0,0.8142857142857208,4.017857142857151,0.20266666666666788,16.851441241685222,31.071770906427314,-13890842.0,-3576988.1413877388
2022-09-07,19241.770833333332,653.15,655.4,651.0,652.8,1236249,True,100,True,676.3774999999999,683.6587499999999,,702.2637994651649,650.491200534835,-8.913059987110728,-6.818254336842921,-2.0948056502678067,0.35000000000002274,0.0,0.8178571428571461,4.017857142857151,0.20355555555555593,16.91285081240771,31.425655951579007,432687.15000002814,-3004173.9485967043
2022-09-08,19242.770833333332,653.85,659.0,652.3,656.0,1138616,False,0,False,675.0699999999999,682.05,,702.7643923641816,647.3756076358183,-9.319652993648901,-7.318534068204118,-2.001118925444784,0.7000000000000455,0.0,0.8678571428571493,3.8964285714285762,0.2227314390467475,18.215892053973107,32.175662967113894,797031.2000000518,-2461141.84892321
2022-09-09,19243.770833333332,653.3,659.0,652.65,657.8,1220396,False,0,False,673.605,680.4425,,702.6873133084115,644.5226866915885,-9.57587654015424,-7.770002562594142,-1.8058739775600987,0.0,0.5500000000000682,0.8678571428571493,3.200000000000013,0.27120535714285804,21.33450395083412,31.880623709959018,-671217.8000000833,-2205437.2861774876
2022-09-12,19246.770833333332,652.2,656.75,651.6,655.0,1161662,False,0,False,672.0825,678.77625,,702.33568208579,641.8293179142099,-9.755243973568327,-8.167050844788978,-1.5881931287793485,0.0,1.099999999999909,0.8678571428571493,2.517857142857143,0.34468085106383234,25.632911392405205,31.26317615038849,-1277828.1999998942,-2072921.2017366285
2022-09-13,19247.770833333332,670.25,673.4,653.5,655.0,4249316,True,0,False,671.475,677.725,,701.3413249902165,641.6086750097835,-8.344717102612776,-8.202584096353737,-0.1421330062590389,18.049999999999955,0.0,2.1571428571428606,2.217857142857148,0.9726247987117546,49.30612244897958,48.7898204290574,76700153.7999998,9180411.672625074
2022-09-14,19248.770833333332,663.45,678.0,662.2,664.7,2467127,False,0,False,669.765,676.59875,,697.1329624455535,642.3970375544465,-7.686957108529555,-8.0994586987889,0.4125015902593461,0.0,6.7999999999999545,1.7892857142857193,2.70357142857143,0.6618229854689579,39.825119236884,44.21575143004589,-16776463.599999888,5472276.339966102
2022-09-15,19249.770833333332,672.6,676.6,660.15,665.0,2899060,True,0,False,668.4975,676.00125,,692.5119139830131,644.4830860169868,-6.354102901102124,-7.7503875392515456,1.3962846381494218,9.149999999999977,0.0,2.32857142857143,2.70357142857143,0.8612945838837517,46.27395315826827,50.88780739073441,26526398.999999933,8480015.305192936
2022-09-16,19250.770833333332,654.8,671.7,653.35,670.9,1723016,False,0,False,666.425,675.15,,687.3046173588691,645.5453826411308,-6.657375497549651,-7.5317851309111665,0.8744096333615152,0.0,17.800000000000068,2.257142857142859,3.9750000000000063,0.5678346810422278,36.21776504297993,40.69164147569093,-30669684.800000116,2887189.597904797
2022-09-19,19253.770833333332,654.75,663.55,654.0,658.3,1004677,False,0,False,664.865,674.32625,,684.2079464908406,645.5220535091594,-6.82310330960911,-7.3900487666507555,0.5669454570416459,0.0,0.049999999999954525,2.257142857142859,3.357142857142857,0.6723404255319154,40.20356234096694,40.66699244216794,-50233.84999995431,2467556.943199118
2022-09-20,19254.770833333332,656.35,665.05,655.55,657.55,927521,False,0,False,663.9174999999999,673.54625,,682.962440618391,644.8725593816088,-6.747555546298372,-7.261550122580279,0.5139945762819069,1.6000000000000227,0.0,2.132142857142859,3.357142857142857,0.6351063829787239,38.84189980481459,41.88025021872622,1484033.600000021,2327053.3979251324
2022-09-21,19255.770833333332,652.45,659.9,651.8,656.4,920171,False,0,False,662.985,672.64125,,682.3724376038261,643.5975623961739,-6.922581594458848,-7.193756416955993,0.2711748224971453,0.0,3.8999999999999773,2.132142857142859,3.2928571428571445,0.6475054229934927,39.302172481895994,39.74677349866372,-3588666.899999979,1481949.412814435
2022-09-22,19256.770833333332,649.75,659.0,648.0,653.0,1270228,False,0,False,661.6600000000001,671.78625,,680.8514893418421,642.468510658158,-7.196205061314458,-7.194246145827686,-0.0019589154867727387,0.0,2.7000000000000455,2.132142857142859,3.1964285714285716,0.6670391061452519,40.01340482573728,38.29240285325026,-3429615.600000058,780296.4956985624
2022-09-23,19257.770833333332,642.8,652.95,642.0,651.6,1212921,False,0,False,659.9075,670.9725,,679.274571212978,640.540428787022,-7.882990340915626,-7.331994984845274,-0.5509953560703522,0.0,6.9500000000000455,2.132142857142859,3.346428571428573,0.6371398078975457,38.91786179921774,34.76598713013493,-8429800.950000055,-535432.95235498
2022-09-26,19260.770833333332,630.55,641.0,629.1,640.0,1072834,False,0,False,657.4925000000001,669.8774999999999,,678.8567415215146,636.1282584784856,-9.308443305379114,-7.7272846489520415,-1.581158656427073,0.0,12.25,2.132142857142859,3.721428571428573,0.5729366602687143,36.42464917632704,29.592954844498777,-13142216.5,-2336403.4872183087
2022-09-27,19261.770833333332,628.8,637.6,628.0,632.0,1138955,False,0,False,655.425,668.725,,679.4670793390982,631.3829206609017,-10.45877319713395,-8.273582358588424,-2.1851908385455268,0.0,1.75,2.107142857142857,3.846428571428573,0.5478180129990713,35.39292141571684,28.93068350417794,-1993171.25,-2287370.276480134
2022-09-28,19262.770833333332,621.45,627.75,620.25,627.75,845815,False,0,False,652.8225,667.31625,,679.7248081576774,625.9201918423225,-11.827165298114096,-8.984298946493558,-2.842866351620538,0.0,7.349999999999909,2.057142857142854,4.371428571428567,0.4705882352941174,31.999999999999986,26.271398993258533,-6216740.249999923,-2848709.177685618
2022-09-29,19263.770833333332,619.55,626.9,618.0,623.9,777577,False,0,False,650.365,665.7325000000001,,680.0010928598914,620.7289071401086,-12.916051812578758,-9.770649519710599,-3.145402292868159,0.0,1.900000000000091,2.057142857142854,4.46785714285714,0.4604316546762586,31.52709359605909,25.615907880554644,-1477396.3000000708,-2652807.238236941
2022-09-30,19264.770833333332,621.65,626.4,617.0,620.25,873228,True,0,False,648.2149999999999,664.13625,,679.6707517123589,616.759248287641,-13.454455186446125,-10.507410653057704,-2.9470445333884214,2.1000000000000227,0.0,2.2071428571428555,4.389285714285718,0.5028478437754264,33.459664320519735,27.761286689608145,1833778.8000000198,-2011866.0958152802
2022-10-03,19267.770833333332,620.6,625.0,619.25,622.0,820751,False,0,False,646.255,662.69375,,679.5052457450371,613.0047542549629,-13.806714750741662,-11.167271472594496,-2.6394432781471657,0.0,1.0499999999999545,0.9178571428571445,4.464285714285714,0.20560000000000037,17.05374917053753,27.336740124196613,-861788.5499999627,-1847569.242075442
2022-10-04,19268.770833333332,629.3,631.8,624.0,624.0,776287,True,0,False,645.0799999999999,661.58375,,679.0103373026819,611.1496626973179,-13.231343016207006,-11.580085781316999,-1.6512572348900072,8.699999999999932,0.0,1.539285714285711,3.9785714285714318,0.3868940754039486,27.896440129449786,36.06166507291174,6753696.899999947,-618816.5419470168
2022-10-06,19270.770833333332,628.9,635.8,628.5,630.55,774273,False,0,False,643.8675000000001,660.1225,,678.3128384669878,609.4221615330123,-12.661677491814203,-11.79640412341644,-0.8652733683977623,0.0,0.39999999999997726,0.8857142857142841,4.007142857142859,0.22103386809269113,18.102189781021863,35.848535525346755,-309709.1999999824,-574658.3381000927
2022-10-07,19271.770833333332,624.5,630.0,624.0,629.0,644846,False,0,False,642.4,658.7349999999999,,677.5483023472659,607.251697652734,-12.42206287877923,-11.921535874488999,-0.5005270042902303,0.0,4.399999999999977,0.8857142857142841,3.049999999999995,0.29039812646370017,22.50453720508166,33.50291450396798,-2837322.3999999855,-897896.1373997031
2022-10-10,19274.770833333332,619.4,622.7,618.2,622.7,863600,False,0,False,640.705,657.155,,676.8942525482371,604.515747451763,-12.49960626880852,-12.037149953352904,-0.4624563154556167,0.0,5.100000000000023,0.8857142857142841,3.4107142857142856,0.2596858638743451,20.615128844555244,30.973182899629126,-4404360.00000002,-1398819.6475220874
2022-10-11,19275.770833333332,619.5,625.95,618.0,620.7,775141,False,0,False,639.0699999999999,655.57625,,676.0193166377954,602.1206833622044,-12.409936773602794,-12.111707317402882,-0.2982294561999126,0.10000000000002274,0.0,0.7785714285714269,3.4107142857142856,0.22827225130890005,18.584825234441567,31.083066355743206,77514.10000001763,-1187914.7899333818
2022-10-12,19276.770833333332,615.65,622.7,613.85,621.5,700431,False,0,False,636.3399999999999,653.9075,,671.6199122805936,601.0600877194063,-12.505381621819424,-12.19044217828619,-0.314939443533234,0.0,3.8500000000000227,0.7785714285714269,3.4071428571428606,0.22851153039832214,18.600682593856604,29.158532571240443,-2696659.350000016,-1403449.759070673
2022-10-13,19277.770833333332,611.6,618.45,611.0,616.0,686400,False,0,False,633.7475000000001,651.75625,,668.2511607516249,599.2438392483753,-12.760725800657838,-12.30449890276052,-0.4562268978973183,0.0,4.0499999999999545,0.7785714285714269,3.5035714285714255,0.22222222222222196,18.18181818181816,27.247338670579563,-2779919.999999969,-1600088.3899297777
2022-10-14,19278.770833333332,612.8,619.05,612.0,617.6,617660,False,0,False,630.7574999999999,649.6274999999999,,661.2114907505013,600.3035092494986,-12.719633908857077,-12.387525903979832,-0.3321080048772451,1.1999999999999318,0.0,0.8642857142857078,3.0071428571428505,0.2874109263657942,22.324723247232384,28.73776136268805,741191.9999999579,-1265619.726330859
2022-10-17,19281.770833333332,608.75,613.55,608.0,612.8,772169,False,0,False,628.4549999999999,647.4399999999999,,658.2105815197582,598.6994184802417,-12.865563236832486,-12.483133370550362,-0.3824298662821235,0.0,4.0499999999999545,0.8642857142857078,2.4214285714285615,0.35693215339232914,26.304347826086882,26.746253665598562,-3127284.449999965,-1531571.8545658316
2022-10-18,19282.770833333332,607.85,612.4,607.5,611.0,696884,False,0,False,626.1099999999999,645.4875,,654.5011884032245,597.7188115967753,-12.905074097932015,-12.567521516026693,-0.33755258190532267,0.0,0.8999999999999773,0.8642857142857078,2.360714285714274,0.3661119515885013,26.799557032115132,26.309917993959754,-627195.5999999841,-1402375.2364218761
2022-10-19,19283.770833333332,607.05,611.0,605.5,608.9,637868,False,0,False,623.645,643.78125,,649.4217112352464,597.8682887647535,-12.852781193118972,-12.624573451445148,-0.22820774167382396,0.0,0.8000000000000682,0.8642857142857078,1.8928571428571428,0.45660377358490223,31.34715025906719,25.90536113208146,-510294.4000000435,-1274935.108183211
2022-10-20,19284.770833333332,601.0,607.95,600.0,607.55,1042196,False,0,False,621.0725,642.0287500000001,,644.9440747060678,597.2009252939322,-13.147961610224115,-12.729251083200941,-0.41871052702317435,0.0,6.0499999999999545,0.8642857142857078,2.1892857142857047,0.3947797716150069,28.304093567251385,23.02227046559329,-6305285.799999952,-1993556.6778765065
2022-10-21,19285.770833333332,589.2,601.15,588.0,601.15,1854225,False,0,False,618.045,639.8525000000001,,641.9612552076592,594.1287447923407,-14.170704539748385,-13.01754177451043,-1.1531627652379548,0.0,11.799999999999955,0.7142857142857062,3.032142857142844,0.23557126030624098,19.06577693040981,18.660170834893567,-21879854.999999914,-4834456.581483041
